CSTfoil
1.0 0.0
0.999938 0.000013
0.999753 0.000051
0.999445 0.000115
0.999013 0.000204
0.998459 0.000319
0.997781 0.00046
0.99698 0.000625
0.996057 0.000816
0.995012 0.001032
0.993844 0.001273
0.992555 0.001539
0.991144 0.00183
0.989611 0.002146
0.987958 0.002486
0.986185 0.00285
0.984292 0.003239
0.982279 0.003651
0.980147 0.004087
0.977897 0.004547
0.975528 0.00503
0.973043 0.005536
0.97044 0.006065
0.967722 0.006616
0.964888 0.00719
0.96194 0.007785
0.958877 0.008402
0.955702 0.00904
0.952414 0.009699
0.949014 0.010378
0.945503 0.011078
0.941883 0.011797
0.938153 0.012535
0.934316 0.013293
0.930371 0.014068
0.92632 0.014862
0.922164 0.015673
0.917904 0.016501
0.91354 0.017346
0.909075 0.018206
0.904508 0.019082
0.899842 0.019973
0.895078 0.020878
0.890215 0.021797
0.885257 0.022729
0.880203 0.023673
0.875056 0.02463
0.869816 0.025598
0.864484 0.026576
0.859063 0.027564
0.853553 0.028562
0.847956 0.029568
0.842274 0.030582
0.836506 0.031604
0.830656 0.032632
0.824724 0.033665
0.818712 0.034704
0.812621 0.035747
0.806454 0.036793
0.80021 0.037843
0.793893 0.038894
0.787503 0.039946
0.781042 0.040999
0.774511 0.042051
0.767913 0.043102
0.761249 0.044151
0.754521 0.045198
0.747729 0.04624
0.740877 0.047278
0.733965 0.048311
0.726995 0.049338
0.71997 0.050358
0.71289 0.05137
0.705757 0.052374
0.698574 0.053368
0.691342 0.054352
0.684062 0.055325
0.676737 0.056287
0.669369 0.057235
0.661959 0.058171
0.654508 0.059092
0.64702 0.059999
0.639496 0.060889
0.631937 0.061764
0.624345 0.062621
0.616723 0.06346
0.609072 0.064281
0.601394 0.065082
0.593691 0.065863
0.585965 0.066624
0.578217 0.067363
0.570451 0.068081
0.562667 0.068775
0.554867 0.069447
0.547054 0.070095
0.53923 0.070718
0.531395 0.071317
0.523553 0.07189
0.515705 0.072438
0.507854 0.072958
0.5 0.073452
0.492146 0.073919
0.484295 0.074358
0.476447 0.074769
0.468605 0.075152
0.46077 0.075506
0.452946 0.07583
0.445133 0.076126
0.437333 0.076391
0.429549 0.076627
0.421783 0.076833
0.414035 0.077008
0.406309 0.077153
0.398606 0.077267
0.390928 0.077351
0.383277 0.077404
0.375655 0.077426
0.368063 0.077417
0.360504 0.077378
0.35298 0.077307
0.345492 0.077206
0.338041 0.077074
0.330631 0.076911
0.323263 0.076718
0.315938 0.076494
0.308658 0.07624
0.301426 0.075957
0.294243 0.075643
0.28711 0.075299
0.28003 0.074927
0.273005 0.074525
0.266035 0.074094
0.259123 0.073635
0.252271 0.073148
0.245479 0.072633
0.238751 0.07209
0.232087 0.07152
0.225489 0.070924
0.218958 0.070301
0.212497 0.069652
0.206107 0.068978
0.19979 0.068279
0.193546 0.067555
0.187379 0.066807
0.181288 0.066035
0.175276 0.06524
0.169344 0.064423
0.163494 0.063583
0.157726 0.062722
0.152044 0.061839
0.146447 0.060936
0.140937 0.060012
0.135516 0.059069
0.130184 0.058106
0.124944 0.057125
0.119797 0.056126
0.114743 0.05511
0.109785 0.054076
0.104922 0.053026
0.100158 0.051959
0.095492 0.050877
0.090925 0.04978
0.08646 0.048669
0.082096 0.047543
0.077836 0.046404
0.07368 0.045252
0.069629 0.044088
0.065684 0.042911
0.061847 0.041723
0.058117 0.040524
0.054497 0.039314
0.050986 0.038093
0.047586 0.036863
0.044298 0.035624
0.041123 0.034375
0.03806 0.033118
0.035112 0.031853
0.032278 0.030581
0.02956 0.029301
0.026957 0.028014
0.024472 0.026721
0.022103 0.025421
0.019853 0.024116
0.017721 0.022805
0.015708 0.021489
0.013815 0.020168
0.012042 0.018843
0.010389 0.017514
0.008856 0.016181
0.007445 0.014844
0.006156 0.013505
0.004988 0.012162
0.003943 0.010817
0.00302 0.00947
0.002219 0.008121
0.001541 0.00677
0.000987 0.005418
0.000555 0.004064
0.000247 0.00271
6.2e-05 0.001355
0.0 0.0
6.2e-05 -0.001355
0.000247 -0.002709
0.000555 -0.00406
0.000987 -0.005407
0.001541 -0.00675
0.002219 -0.008086
0.00302 -0.009415
0.003943 -0.010735
0.004988 -0.012045
0.006156 -0.013344
0.007445 -0.014631
0.008856 -0.015905
0.010389 -0.017164
0.012042 -0.018408
0.013815 -0.019635
0.015708 -0.020845
0.017721 -0.022035
0.019853 -0.023206
0.022103 -0.024357
0.024472 -0.025486
0.026957 -0.026592
0.02956 -0.027675
0.032278 -0.028734
0.035112 -0.029768
0.03806 -0.030776
0.041123 -0.031758
0.044298 -0.032713
0.047586 -0.03364
0.050986 -0.034539
0.054497 -0.035409
0.058117 -0.036249
0.061847 -0.03706
0.065684 -0.037841
0.069629 -0.038591
0.07368 -0.03931
0.077836 -0.039998
0.082096 -0.040654
0.08646 -0.041279
0.090925 -0.041872
0.095492 -0.042433
0.100158 -0.042962
0.104922 -0.043459
0.109785 -0.043924
0.114743 -0.044357
0.119797 -0.044758
0.124944 -0.045127
0.130184 -0.045465
0.135516 -0.045771
0.140937 -0.046046
0.146447 -0.046291
0.152044 -0.046505
0.157726 -0.046688
0.163494 -0.046842
0.169344 -0.046967
0.175276 -0.047063
0.181288 -0.04713
0.187379 -0.047169
0.193546 -0.047181
0.19979 -0.047166
0.206107 -0.047125
0.212497 -0.047059
0.218958 -0.046967
0.225489 -0.046851
0.232087 -0.046711
0.238751 -0.046548
0.245479 -0.046363
0.252271 -0.046156
0.259123 -0.045928
0.266035 -0.04568
0.273005 -0.045412
0.28003 -0.045125
0.28711 -0.044821
0.294243 -0.044499
0.301426 -0.044161
0.308658 -0.043807
0.315938 -0.043438
0.323263 -0.043055
0.330631 -0.042658
0.338041 -0.042248
0.345492 -0.041826
0.35298 -0.041393
0.360504 -0.04095
0.368063 -0.040496
0.375655 -0.040033
0.383277 -0.039562
0.390928 -0.039082
0.398606 -0.038596
0.406309 -0.038103
0.414035 -0.037603
0.421783 -0.037099
0.429549 -0.03659
0.437333 -0.036076
0.445133 -0.035559
0.452946 -0.035039
0.46077 -0.034517
0.468605 -0.033992
0.476447 -0.033466
0.484295 -0.032939
0.492146 -0.032411
0.5 -0.031883
0.507854 -0.031355
0.515705 -0.030827
0.523553 -0.030301
0.531395 -0.029775
0.53923 -0.029252
0.547054 -0.02873
0.554867 -0.02821
0.562667 -0.027693
0.570451 -0.027178
0.578217 -0.026667
0.585965 -0.026158
0.593691 -0.025653
0.601394 -0.025151
0.609072 -0.024653
0.616723 -0.024159
0.624345 -0.023669
0.631937 -0.023183
0.639496 -0.0227
0.64702 -0.022222
0.654508 -0.021749
0.661959 -0.02128
0.669369 -0.020815
0.676737 -0.020354
0.684062 -0.019898
0.691342 -0.019447
0.698574 -0.019
0.705757 -0.018558
0.71289 -0.01812
0.71997 -0.017686
0.726995 -0.017258
0.733965 -0.016833
0.740877 -0.016413
0.747729 -0.015998
0.754521 -0.015587
0.761249 -0.015181
0.767913 -0.014779
0.774511 -0.014381
0.781042 -0.013988
0.787503 -0.013599
0.793893 -0.013214
0.80021 -0.012834
0.806454 -0.012458
0.812621 -0.012086
0.818712 -0.011719
0.824724 -0.011355
0.830656 -0.010997
0.836506 -0.010642
0.842274 -0.010292
0.847956 -0.009946
0.853553 -0.009604
0.859063 -0.009267
0.864484 -0.008934
0.869816 -0.008606
0.875056 -0.008282
0.880203 -0.007963
0.885257 -0.007648
0.890215 -0.007338
0.895078 -0.007033
0.899842 -0.006733
0.904508 -0.006438
0.909075 -0.006147
0.91354 -0.005862
0.917904 -0.005582
0.922164 -0.005308
0.92632 -0.005038
0.930371 -0.004775
0.934316 -0.004517
0.938153 -0.004264
0.941883 -0.004018
0.945503 -0.003778
0.949014 -0.003544
0.952414 -0.003316
0.955702 -0.003095
0.958877 -0.00288
0.96194 -0.002672
0.964888 -0.002471
0.967722 -0.002277
0.97044 -0.002089
0.973043 -0.00191
0.975528 -0.001737
0.977897 -0.001572
0.980147 -0.001415
0.982279 -0.001265
0.984292 -0.001123
0.986185 -0.00099
0.987958 -0.000864
0.989611 -0.000746
0.991144 -0.000637
0.992555 -0.000536
0.993844 -0.000444
0.995012 -0.00036
0.996057 -0.000285
0.99698 -0.000218
0.997781 -0.000161
0.998459 -0.000112
0.999013 -7.1e-05
0.999445 -4e-05
0.999753 -1.8e-05
0.999938 -4e-06
1.0 0.0
